                                                                                                                                                                                                                                                                                                                                                                                         61  60  59  58  57  56  55  54  53  52  51  50  49  48  47  46  45  44  43  42  41  40  39  38  37  -2146512102 
                                                                                                                                                                                                                                                                                                                                                                                     61  60  59  58  57  56  55  54  53  52  51  50  49  48  47  46  45  44  43  42  41  40  39  38  37  36  35 
                                                                                                                                                                                                                                                                                                                                                                                 61  60  59  58  57  56  55  54  53  52  51  50  49  48  47  46  45  44  43  42  41  40  39  38  37  36  35  34 
                                                                                                                                                                                                                                                                                                                                                                             61  60  59  58  57  56  55  54  53  52  51  50  49  48  47  46  45  44  43  42  41  40  39  38  37  36  35  34  33 
                                                                                                                                                                                                                                                                                                                                                                         61  60  59  58  57  56  55  54  53  52  51  50  49  48  47  46  45  44  43  42  41  40  39  38  37  36  35  34  33  32 
                                                                                                                                                                                                                                                                                                                                                                     61  60  59  58  57  56  55  54  53  52  51  50  49  48  47  46  45  44  43  42  41  40  39  38  37  36  35  34  33  32  31 
                                                                                                                                                                                                                                                                                                                                                                 61  60  59  58  57  56  55  54  53  52  51  50  49  48  47  46  45  44  43  42  41  40  39  38  37  36  35  34  33  32  31  30 
                                                                                                                                                                                                                                                                                                                                                             61  60  59  58  57  56  55  54  53  52  51  50  49  48  47  46  45  44  43  42  41  40  39  38  37  36  35  34  33  32  31  30  29 
                                                                                                                                                                                                                                                                                                                                                         61  60  59  58  57  56  55  54  53  52  51  50  49  48  47  46  45  44  43  42  41  40  39  38  37  36  35  34  33  32  31  30  29  28 
                                                                                                                                                                                                                                                                                                                                                     61  60  59  58  57  56  55  54  53  52  51  50  49  48  47  46  45  44  43  42  41  40  39  38  37  36  35  34  33  32  31  30  29  28  27 
                                                                                                                                                                                                                                                                                                                                                 61  60  59  58  57  56  55  54  53  52  51  50  49  48  47  46  45  44  43  42  41  40  39  38  37  36  35  34  33  32  31  30  29  28  27  26 
                                                                                                                                                                                                                                                                                                                                             61  60  59  58  57  56  55  54  53  52  51  50  49  48  47  46  45  44  43  42  41  40  39  38  37  36  35  34  33  32  31  30  29  28  27  26  25 
                                                                                                                                                                                                                                                                                                                                         61  60  59  58  57  56  55  54  53  52  51  50  49  48  47  46  45  44  43  42  41  40  39  38  37  36  35  34  33  32  31  30  29  28  27  26  25  24 
                                                                                                                                                                                                                                                                                                                                     61  60  59  58  57  56  55  54  53  52  51  50  49  48  47  46  45  44  43  42  41  40  39  38  37  36  35  34  33  32  31  30  29  28  27  26  25  24  23 
                                                                                                                                                                                                                                                                                                                                 61  60  59  58  57  56  55  54  53  52  51  50  49  48  47  46  45  44  43  42  41  40  39  38  37  36  35  34  33  32  31  30  29  28  27  26  25  24  23  22 
                                                                                                                                                                                                                                                                                                                             61  60  59  58  57  56  55  54  53  52  51  50  49  48  47  46  45  44  43  42  41  40  39  38  37  36  35  34  33  32  31  30  29  28  27  26  25  24  23  22  21 
                                                                                                                                                                                                                                             1   1   1   1   1   1   1   1   1   1   1   1   1   1   1   1   1   1   1   1   1   1   1   1   1   1   1   1   1   1   1   1   1   1   1   1   1   1   42  41  40  39  38  37  36  35  34  33  32  31  30  29  28  27  26  25  24  23  22  21  20 
                                                                                                                                                                                                                                             1   1   1   1   1   1   1   1   1   1   1   1   1   1   1   1   1   1   1   1   1   1   1   1   1   1   1   1   1   1   1   1   1   1   1   1   1   1   41  40  39  38  37  36  35  34  33  32  31  30  29  28  27  26  25  24  23  22  21  20  19 
                                                                                                                                                                                                                                             1   1   1   1   1   1   1   1   1   1   1   1   1   1   1   1   1   1   1   1   1   1   1   1   1   1   1   1   1   1   1   1   1   1   1   1   1   1   40  39  38  37  36  35  34  33  32  31  30  29  28  27  26  25  24  23  22  21  20  19  18 
                                                                                                                                                                                                                                             1   1   1   1   1   1   1   1   1   1   1   1   1   1   1   1   1   1   1   1   1   1   1   1   1   1   1   1   1   1   1   1   1   1   1   1   1   1   39  38  37  36  35  34  33  32  31  30  29  28  27  26  25  24  23  22  21  20  19  18  17 
                                                                                                                                                                                                                     1   1   1   1   1   1   1   1   1   1   1   1   1   1   1   1   1   1   1   1   1   1   1   1   1   1   1   1   1   1   1   1   1   1   1   1   1   1   1   1   1   1   1   1   38  37  36  35  34  33  32  31  30  29  28  27  26  25  24  23  22  21  20  19  18  17  16 
                                                                                                                                                                                                                     1   1   1   1   1   1   1   1   1   1   1                                       61  60  59  58  57  56  55  54  53  52  51  50  49  48  47  46  45  44  43  42  41  40  39  38  37  36  35  34  33  32  31  30  29  28  27  26  25  24  23  22  21  20  19  18  17  16  15 
                                                                                                                                                                                                                     1   1   1   1   1   1   1   1   1   1   1                                   61  60  59  58  57  56  55  54  53  52  51  50  49  48  47  46  45  44  43  42  41  40  39  38  37  36  35  34  33  32  31  30  29  28  27  26  25  24  23  22  21  20  19  18  17  16  15  14 
                                                                                                                                                                                                                     1   1   1   1   1   1   1   1   1   1   1                               61  60  59  58  57  56  55  54  53  52  51  50  49  48  47  46  45  44  43  42  41  40  39  38  37  36  35  34  33  32  31  30  29  28  27  26  25  24  23  22  21  20  19  18  17  16  15  14  13 
                                                                                                                                                                                                                     1   1   1   1   1   1   1   1   1   1   1                       -1  -3  -1  -1  -1  -1  -1  -1  -1  -1  -1  -1  -1  -1  -1  -1  -1  -1  -1  -1  -1  -1  -1  -1  -1  -1  -1  -1  -1  -1  -1  -1  -1  -1  -1  -1  -1  -1  -1  -1  -1  -1  -1  -1  -1  -1  -1  -1  -1  -1  -3 
                                                                                                                                                                                                                     1   1   1   1   1                                           62  61  60  59  58  57  56  55  54  53  52  51  50  49  48  47  46  45  44  43  42  41  40  39  38  37  36  35  34  33  32  31  30  29  28  27  26  25  24  23  22  21  20  19  18  17  16  15  14  13  12  -1 
                                                                                                                                                                                                                     1   1   1   1   1                                                   61  60  59  58  57  56  55  54  53  52  51  50  49  48  47  46  45  44  43  42  1   1   1   1   1   34  33  32  31  30  29  28  27  26  25  24  23  22  21  20  19  18  17  16  15  14  13  12  11  -1 
                                                                                                                                                                                                                     1   1   1   1   1                                                       61  60  59  58  57  56  55  54  53  52  51  50  49  48  47  46  45  44  43  1   1   1   1   1   33  32  31  30  29  28  27  26  25  24  23  22  21  20  19  18  17  16  15  14  13  12  11  10  -1 
                                                                                                                                                                                                                     1   1   1   1   1                                                           61  60  59  58  57  56  55  54  53  52  51  50  49  48  47  46  45  44  1   1   1   1   1   32  31  30  29  28  27  26  25  24  23  22  21  20  19  18  17  16  15  14  13  12  11  10  9   -1 
                                                                                                                                                                                                                     1   1   1   1   1                                                       61  60  59  58  57  56  55  54  53  52  51  50  49  48  47  46  45  44  43  1   1   1   1   1   31  30  29  28  27  26  25  24  23  22  21  20  19  18  17  16  15  14  13  12  11  10  9   8   -1 
                                                                                                                                                                                                                     1   1   1   1   1                                                   61  60  59  58  57  56  55  54  53  52  51  50  49  48  47  46  45  44  43  42  1   1   1   1   1   30  29  28  27  26  25  24  23  22  21  20  19  18  17  16  15  14  13  12  11  10  9   8   7   -1 
                                                                                                                                                                                                                     1   1   1   1   1                                               61  60  59  58  57  56  55  54  53  52  51  50  49  48  47  46  45  44  43  42  41  1   1   1   1   1   29  28  27  26  25  24  23  22  21  20  19  18  17  16  15  14  13  12  11  10  9   8   7   6   -1 
                                                                                                                                                                                                                     1   1   1   1   1                           1   1   1   1   1       61  60  59  58  1   1   1   1   1   1   1   1   1   1   1   44  43  42  41  40  1   1   1   1   1   28  27  26  25  24  23  22  21  20  19  18  17  16  15  14  13  12  11  10  9   8   7   6   5   -1 
                                                                                                                                                                                                                     1   1   1   1   1                           1   1   1   1   1           61  60  59  1   1   1   1   1   1   1   1   1   1   1   43  42  41  40  39  1   1   1   1   1   27  26  25  24  23  22  21  20  19  18  17  16  15  14  13  12  11  10  9   8   7   6   5   4   3  
                                                                                                                                                                                                                     1   1   1   1   1                           1   1   1   1   1               61  60  1   1   1   1   1   1   1   1   1   1   1   42  41  40  39  38  1   1   1   1   1   26  25  24  23  22  21  20  19  18  17  16  15  14  13  12  11  10  9   8   7   6   5   4   3   2  
                                                                                                                                                                                                                     1   1   1   1   1                           1   1   1   1   1                   61  1   1   1   1   1   1   1   1   1   1   1   41  40  39  38  37  1   1   1   1   1   27  26  25  24  23  22  21  20  19  18  17  16  15  14  13  12  11  10  9   8   7   6   5   4   3  
                                                                                                                                                                                                                     1   1   1   1   1                           1   1   1   1   1                       1   1   1   1   1   1   1   1   1   1   1   40  39  38  37  36  1   1   1   1   1   28  27  26  25  24  23  22  21  20  19  18  17  16  15  14  13  12  11  10  9   8   7   6   5   4  
                                                                                                                                                                                                                     1   1   1   1   1                           1   1   1   1   1                       1   1   1   1   1   45  44  43  42  41  40  39  38  37  36  35  34  33  32  31  30  29  28  27  26  25  24  23  22  21  20  19  18  17  16  15  14  13  12  11  10  9   8   7   6   5  
                                                                                                                                                                                                                     1   1   1   1   1                           1   1   1   1   1                       1   1   1   1   1   46  45  44  43  42  41  40  39  38  37  36  35  34  33  32  31  30  29  28  27  26  25  24  23  22  21  20  19  18  17  16  15  14  13  12  11  10  9   8   7   6  
                                                                                                                                                                                                                     1   1   1   1   1                           1   1   1   1   1                   61  1   1   1   1   1   47  46  45  44  43  42  41  40  39  38  37  36  35  34  33  32  31  30  29  28  27  26  25  24  23  22  21  20  19  18  17  16  15  14  13  12  11  10  9   8   7  
                                                                                                                                                                                                                     1   1   1   1   1                           1   1   1   1   1               61  60  1   1   1   1   1   48  47  46  45  44  43  42  41  40  39  38  37  36  35  34  33  32  31  30  29  28  27  26  25  24  23  22  21  20  19  18  17  16  15  14  13  12  11  10  9   8  
                                                                                                                                                                                                                     1   1   1   1   1                           1   1   1   1   1           61  60  59  1   1   1   1   1   49  48  47  46  45  44  43  42  41  40  39  38  37  36  35  34  33  32  31  30  29  28  27  26  25  24  23  22  21  20  19  18  17  16  15  14  13  12  11  10  9  
                                                                                                                                                                                                                     1   1   1   1   1                           1   1   1   1   1       61  60  59  58  1   1   1   1   1   50  49  48  47  46  45  44  43  42  41  40  39  38  37  36  35  34  33  32  31  30  29  28  27  26  25  24  23  22  21  20  19  18  17  16  15  14  13  12  11  10 
                                                                                                                                                                                                                     1   1   1   1   1                           1   1   1   1   1   61  60  59  58  57  56  55  54  53  52  51  50  49  48  47  46  45  44  43  42  41  40  39  38  37  36  35  34  33  32  31  30  29  28  27  26  25  24  23  22  21  20  19  18  17  16  15  14  13  12  11 
                                                                                                                                                                                                                     1   1   1   1   1                           1   1   1   1   1       61  60  59  58  57  56  55  54  53  52  51  50  49  48  47  46  45  44  43  42  41  40  39  38  37  36  35  34  33  32  31  30  29  28  27  26  25  24  23  22  21  20  19  18  17  16  15  14  13  12 
                                                                                                                                                                                                                     1   1   1   1   1                           1   1   1   1   1           61  60  59  58  57  56  55  54  53  52  51  50  49  48  47  46  45  44  43  42  41  40  39  38  37  36  35  34  33  32  31  30  29  28  27  26  25  24  23  22  21  20  19  18  17  16  15  14  13 
                                                                                                                                                                                                                     1   1   1   1   1                           1   1   1   1   1               61  60  59  58  57  56  55  54  53  52  51  50  49  48  47  46  45  44  43  42  41  40  39  38  37  36  35  34  33  32  31  30  29  28  27  26  25  24  23  22  21  20  19  18  17  16  15  14 
                                                                                                                                                                                                                     1   1   1   1   1                           1   1   1   1   1   1   1   1   1   1   1   1   1   1   1   1   1   1   1   1   50  49  48  47  46  45  44  43  42  41  40  39  38  37  36  35  34  33  32  31  30  29  28  27  26  25  24  23  22  21  20  19  18  17  16  15 
                                                                                                                                                                                                                     1   1   1   1   1                           1   1   1   1   1   1   1   1   1   1   1   1   1   1   1   1   1   1   1   1   1   50  49  48  47  46  45  44  43  42  41  40  39  38  37  36  35  34  33  32  31  30  29  28  27  26  25  24  23  22  21  20  19  18  17  16 
                                                                                                                                                                                                                     1   1   1   1   1                           1   1   1   1   1   1   1   1   1   1   1   1   1   1   1   1   1   1   1   1   1   51  50  49  48  47  46  45  44  43  42  41  40  39  38  37  36  35  34  33  32  31  30  29  28  27  26  25  24  23  22  21  20  19  18  17 
                                                                                                                                                                                                                     1   1   1   1   1                           1   1   1   1   1   1   1   1   1   1   1   1   1   1   1   1   1   1   1   1   1   52  51  50  49  48  47  46  45  44  43  42  41  40  39  38  37  36  35  34  33  32  31  30  29  28  27  26  25  24  23  22  21  20  19  18 
                                                                                                                                                                                                                     1   1   1   1   1                           1   1   1   1   1   1   1   1   1   1   1   1   1   1   1   1   1   1   1   1   1   53  52  51  50  49  48  47  46  45  44  43  42  41  40  39  38  37  36  35  34  33  32  31  30  29  28  27  26  25  24  23  22  21  20  19 
                                                                                                                                                                                                                     1   1   1   1   1                           1   1   1   1   1   1   1   1   1   1   1   1   1   1   1   1   1   1   1   1   1   54  53  52  51  50  49  48  47  46  45  44  43  42  41  40  39  38  37  36  35  34  33  32  31  30  29  28  27  26  25  24  23  22  21  20 
                                                                                                                                                                                                                     1   1   1   1   1                                                                                       1   1   1   1   1   56  55  54  53  52  51  50  49  48  47  46  45  44  43  42  41  40  39  38  37  36  35  34  33  32  31  30  29  28  27  26  25  24  23  22  21 
                                                                                                                                                                                                                     1   1   1   1   1                                                                                       1   1   1   1   1   57  56  55  54  53  52  51  50  49  48  47  46  45  44  43  42  41  40  39  38  37  36  35  34  33  32  31  30  29  28  27  26  25  24  23  22 
                                                                                                                                                                                                                     1   1   1   1   1                                                                                       1   1   1   1   1   58  57  56  55  54  53  52  51  50  49  48  47  46  45  44  43  42  41  40  39  38  37  36  35  34  33  32  31  30  29  28  27  26  25  24  23 
                                                                                                                                                                                                                     1   1   1   1   1                                                                                       1   1   1   1   1   59  58  57  56  55  54  53  52  51  50  49  48  47  46  45  44  43  42  41  40  39  38  37  36  35  34  33  32  31  30  29  28  27  26  25  24 
                                                                                                                                                                                                                     1   1   1   1   1                                                                                       1   1   1   1   1   60  59  58  57  56  55  54  53  52  51  50  49  48  47  46  45  44  43  42  41  40  39  38  37  36  35  34  33  32  31  30  29  28  27  26  25 
                                                                                                                                                                                                                     1   1   1   1   1                                                                                       1   1   1   1   1   61  60  59  58  57  56  55  54  53  52  51  50  49  48  47  46  45  44  43  42  41  40  39  38  37  36  35  34  33  32  31  30  29  28  27  26 
                                                                                                                                                                                                                     1   1   1   1   1                                                                                       1   1   1   1   1       61  60  59  58  57  56  55  54  53  52  51  50  49  48  47  46  45  44  43  42  41  40  39  38  37  36  35  34  33  32  31  30  29  28  27 
                                                                                                                                                                                                                     1   1   1   1   1                                                                                       1   1   1   1   1           61  60  59  58  57  56  55  54  53  52  51  50  49  48  47  46  45  44  43  42  41  40  39  38  37  36  35  34  33  32  31  30  29  28 
                                                                                                                                                                                                                     1   1   1   1   1                                                                                       1   1   1   1   1               61  60  59  58  57  56  55  54  53  52  51  50  49  48  47  46  45  44  43  42  41  40  39  38  37  36  35  34  33  32  31  30  29 
                                                                                                                                                                                                                     1   1   1   1   1                                                                                       1   1   1   1   1                   61  60  59  58  57  56  55  54  53  52  51  50  49  48  47  46  45  44  43  42  41  40  39  38  37  36  35  34  33  32  31  30 
                                                                                                                                                                                                                     1   1   1   1   1   1   1   1   1   1   1   1   1   1   1   1   1   1   1   1   1   1   1   1   1   1   1   1   1   1   1                       61  60  59  58  57  56  55  54  53  52  51  50  49  48  47  46  45  44  43  42  41  40  39  38  37  36  35  34  33  32  31 
                                                                                                                                                                                                                     1   1   1   1   1   1   1   1   1   1   1   1   1   1   1   1   1   1   1   1   1   1   1   1   1   1   1   1   1   1   1                           61  60  59  58  57  56  55  54  53  52  51  50  49  48  47  46  45  44  43  42  41  40  39  38  37  36  35  34  33  32 
                                                                                                                                                                                                                     1   1   1   1   1   1   1   1   1   1   1   1   1   1   1   1   1   1   1   1   1   1   1   1   1   1   1   1   1   1   1                               61  60  59  58  57  56  55  54  53  52  51  50  49  48  47  46  45  44  43  42  41  40  39  38  37  36  35  34  33 
                                                                                                                                                                                                                     1   1   1   1   1   1   1   1   1   1   1   1   1   1   1   1   1   1   1   1   1   1   1   1   1   1   1   1   1   1   1                                   61  60  59  58  57  56  55  54  53  52  51  50  49  48  47  46  45  44  43  42  41  40  39  38  37  36  35  34 
                                                                                                                                                                                                                     1   1   1   1   1   1   1   1   1   1   1   1   1   1   1   1   1   1   1   1   1   1   1   1   1   1   1   1   1   1   1                                       61  60  59  58  57  56  55  54  53  52  51  50  49  48  47  46  45  44  43  42  41  40  39  38  37  36  35 
                                                                                                                                                                                                                                                                                                                                                                                         61  60  59  58  57  56  55  54  53  52  51  50  49  48  47  46  45  44  43  42  41  40  39  38  37  36 
                                                                                                                                                                                                                                                                                                                                                                                             61  60  59  58  57  56  55  54  53  52  51  50  49  48  47  46  45  44  43  42  41  40  39  38  37 
                                                                                                                                                                                                                                                                                                                                                                                                 61  60  59  58  57  56  55  54  53  52  51  50  49  48  47  46  45  44  43  42  41  40  39  38 
                                                                                                                                                                                                                                                                                                                                                                                                     61  60  59  58  57  56  55  54  53  52  51  50  49  48  47  46  45  44  43  42  41  40  39 
                                                                                                                                                                                                                                                                                                                                                                                                         61  60  59  58  57  56  55  54  53  52  51  50  49  48  47  46  45  44  43  42  41  40 
                                                                                                                                                                                                                                                                                                                                                                                                             61  60  59  58  57  56  55  54  53  52  51  50  49  48  47  46  45  44  43  42  41 
                                                                                                                                                                                                                                                                                                                                                                                                                 61  60  59  58  57  56  55  54  53  52  51  50  49  48  47  46  45  44  43  42 
                                                                                                                                                                                                                                                                                                                                                                                                                     61  60  59  58  57  56  55  54  53  52  51  50  49  48  47  46  45  44  43 
                                                                                                                                                                                                                                                                                                                                                                                                                         61  60  59  58  57  56  55  54  53  52  51  50  49  48  47  46  45  44 
                                                                                                                                                                                                                                                                                                                                                                                                                             61  60  59  58  57  56  55  54  53  52  51  50  49  48  47  46  45 
                                                                                                                                                                                                                                                                                                                                                                                                                                 61  60  59  58  57  56  55  54  53  52  51  50  49  48  47  46 
                                                                                                                                                                                                                                                                                                                                                                                                                                     61  60  59  58  57  56  55  54  53  52  51  50  49  48  47 
                                                                                                                                                                                                                                                                                                                                                                                                                                         61  60  59  58  57  56  55  54  53  52  51  50  49  48 
                                                                                                                                                                                                                                                                                                                                                                                                                                             61  60  59  58  57  56  55  54  53  52  51  50  49 
                                                                                                                                                                                                                                                                                                                                                                                                                                                 61  60  59  58  57  56  55  54  53  52  51  50 
                                                                                                                                                                                                                                                                                                                                                                                                                                                     61  60  59  58  57  56  55  54  53  52  51 
                                                                                                                                                                                                                                                                                                                                                                                                                                                         61  60  59  58  57  56  55  54  53  52 
                                                                                                                                                                                                                                                                                                                                                                                                                                                             61  60  59  58  57  56  55  54  53 
                                                                                                                                                                                                                                                                                                                                                                                                                                                                 61  60  59  58  57  56  55  54 
                                                                                                                                                                                                                                                                                                                                                                                                                                                                     61  60  59  58  57  56  55 
                                                                                                                                                                                                                                                                                                                                                                                                                                                                         61  60  59  58  57  56 
                                                                                                                                                                                                                                                                                                                                                                                                                                                                             61  60  59  58  57 
                                                                                                                                                                                                                                                                                                                                                                                                                                                                                 61  60  59  58 
                                                                                                                                                                                                                                                                                                                                                                                                                                                                                     61  60  59 
                                                                                                                                                                                                                                                                                                                                                                                                                                                                                         61  60 
                                                                                                                                                                                                                                                                                                                                                                                                                                                                                             61 
                                                                                                                                                                                                                                                                                                                                                                                                                                                                                                
                                                                                                                                                                                                                                                                                                                                                                                                                                                                                                
                                                                                                                                                                                                                                                                                                                                                                                                                                                                                                
                                                                                                                                                                                                                                                                                                                                                                                                                                                                                                
                                                                                                                                                                                                                                                                                                                                                                                                                                                                                                
                                                                                                                                                                                                                                                                                                                                                                                                                                                                                                
                                                                                                                                                                                                                                                                                                                                                                                                                                                                                                
                                                                                                                                                                                                                                                                                                                                                                                                                                                                                                
                                                                                                                                                                                                                                                                                                                                                                                                                                                                                                
                                                                                                                                                                                                                                                                                                                                                                                                                                                                                                
                                                                                                                                                                                                                                                                                                                                                                                                                                                                                                
                                                                                                                                                                                                                                                                                                                                                                                                                                                                                                
                                                                                                                                                                                                                                                                                                                                                                                                                                                                                                
                                                                                                                                                                                                                                                                                                                                                                                                                                                                                                
                                                                                                                                                                                                                                                                                                                                                                                                                                                                                                
                                                                                                                                                                                                                                                                                                                                                                                                                                                                                                
                                                                                                                                                                                                                                                                                                                                                                                                                                                                                                
                                                                                                                                                                                                                                                                                                                                                                                                                                                                                                
                                                                                                                                                                                                                                                                                                                                                                                                                                                                                                
                                                                                                                                                                                                                                                                                                                                                                                                                                                                                                
                                                                                                                                                                                                                                                                                                                                                                                                                                                                                                
                                                                                                                                                                                                                                                                                                                                                                                                                                                                                                
                                                                                                                                                                                                                                                                                                                                                                                                                                                                                                
                                                                                                                                                                                                                                                                                                                                                                                                                                                                                                
                                                                                                                                                                                                                                                                                                                                                                                                                                                                                                
                                                                                                                                                                                                                                                                                                                                                                                                                                                                                                
