                                                                                                                                                                                                                                                                                                                                                                                                                                                                                             1033021513 
                                                                                                                                                                                                                                                                                                                                                                                                                                                                                                
                                                                                                                                                                                                                                                                                                                                                                                                                                                                                                
                                                                                                                                                                                                                                                                                                                                                                                                                                                                                                
                                                                                                                                                                                                                                                                                                                                                                                                                                                                                                
                                                                                                                                                                                                                                                                                                                                                                                                                                                                                                
                                                                                                                                                                                                                                                                                                                                                                                                                                                                                                
                                                                                                                                                                                                                                                                                                                                                                                                                                                                                                
                                                                                                                                                                                                                                                                                                                                                                                                                                                                                                
                                                                                                                                                                                                                                                                                                                                                                                                                                                                                                
                                                                                                                                                                                                                                                                                                                                                                                                                                                                                                
                                                                                                                                                                                                                                                                                                                                                                                                                                                                                                
                                                                                                                                                                                                                                                                                                                                                                                                                                                                                                
                                                                                                                                                                                                                                                                                                                                                                                                                                                                                                
                                                                                                                                                                                                                                                                                                                                                                                                                                                                                                
                                                                                                                                                                                                                                                                                                                                                                                                                                                                                                
                                                                                                                                                                                                                                             1   1   1   1   1   1   1   1   1   1   1   1   1   1   1   1   1   1   1   1   1   1   1   1   1   1   1   1   1   1   1   1   1   1   1   1   1   1   1   1   1   1   1   1   1   1   1   1   1   1   1   1   1   1                              
                                                                                                                                                                                                                                             1   1   1   1   1   1   1   1   1   1   1   1   1   1   1   1   1   1   1   1   1   1   1   1   1   1   1   1   1   1   1   1   1   1   1   1   1   1   1   1   1   1   1   1   1   1   1   1   1   1   1   1   1   1   1   1   1                  
                                                                                                                                                                                                                                             1   1   1   1   1   1   1   1   1   1   1   1   1   1   1   1   1   1   1   1   1   1   1   1   1   1   1   1   1   1   1   1   1   1   1   1   1   1   1   1   1   1   1   1   1   1   1   1   1   1   1   1   1   1   1   1   1                  
                                                                                                                                                                                                                                             1   1   1   1   1   1   1   1   1   1   1   1   1   1   1   1   1   1   1   1   1   1   1   1   1   1   1   1   1   1   1   1   1   1   1   1   1   1   1   1   1   1   1   1   1   1   1   1   1   1   1   1   1   1   1   1   1                  
                                                                                                                                                                                                                     1   1   1   1   1   1   1   1   1   1   1   1   1   1   1   1   1   1   1   1   1   1   1   1   1   1   1   1   1   1   1   1   1   1   1   1   1   1   1   1   1   1   1   1   1   1   1   1   1   1   1   1   1   1   1   1   1   1   1   1   1   1   1                  
                                                                                                                                                                                                                     1   1   1   1   1   1   1   1   1   1   1   45  46  47  48  49  50  51  52  53  54  55  56  57  58  59  60  61  62  63  64  65  66  67  68  69  70  71  72  73  74  75  76  77  78  79  80  81  82  83  84  85  86  87  88  1   1   1   1   1   1   1   1                  
                                                                                                                                                                                                                     1   1   1   1   1   1   1   1   1   1   1   44  45  46  47  48  49  50  51  52  53  54  55  56  57  58  59  60  61  62  63  64  65  66  67  68  69  70  71  72  73  74  75  76  77  78  79  80  81  82  83  84  85  86  87  88  89  1   1   1   1   1   1                  
                                                                                                                                                                                                                     1   1   1   1   1   1   1   1   1   1   1   43  44  45  46  47  48  49  50  51  52  53  54  55  56  57  58  59  60  61  62  63  64  65  66  67  68  69  70  71  72  73  74  75  76  77  78  79  80  81  82  83  84  85  86  87  88  1   1   1   1   1   1                  
                                                                                                                                                                                                                     1   1   1   1   1   1   1   1   1   1   1   42  43  44  45  46  47  48  49  50  51  52  53  54  55  56  57  58  59  60  61  62  63  64  65  66  67  68  69  70  71  72  73  74  75  76  77  78  79  80  81  82  83  84  85  86  87  1   1   1   1   1   1                  
                                                                                                                                                                                                                     1   1   1   1   1   39  38  37  38  39  40  41  42  43  44  45  46  47  48  49  50  51  52  53  54  55  56  57  58  59  60  61  62  63  64  65  66  67  68  69  70  71  72  73  74  75  76  77  78  79  80  81  82  83  84  85  86  1   1   1   1   1   1                  
                                                                                                                                                                                                                     1   1   1   1   1   38  37  36  37  38  39  40  41  42  43  44  45  46  47  48  49  50  51  52  53  54  55  56  57  58  59  60  61  62  63  64  65  1   1   1   1   1   73  74  75  76  77  78  79  80  81  82  83  84  85  86  87  1   1   1   1   1   1                  
                                                                                                                                                                                                                     1   1   1   1   1   37  36  35  36  37  38  39  40  41  42  43  44  45  46  47  48  49  50  51  52  53  54  55  56  57  58  59  60  61  62  63  64  1   1   1   1   1   74  75  76  77  78  79  80  81  82  83  84  85  86  87  88  1   1   1   1   1   1                  
                                                                                                                                                                                                                     1   1   1   1   1   36  35  34  35  36  37  38  39  40  41  42  43  44  45  46  47  48  49  50  51  52  53  54  55  56  57  58  59  60  61  62  63  1   1   1   1   1   75  76  77  78  79  80  81  82  83  84  85  86  87  88  89  1   1   1   1   1   1                  
                                                                                                                                                                                                                     1   1   1   1   1   35  34  33  34  35  36  37  38  39  40  41  42  43  44  45  46  47  48  49  50  51  52  53  54  55  56  57  58  59  60  61  62  1   1   1   1   1   76  77  78  79  80  81  82  83  84  85  86  87  88  89  90  1   1   1   1   1   1                  
                                                                                                                                                                                                                     1   1   1   1   1   34  33  32  33  34  35  36  37  38  39  40  41  42  43  44  45  46  47  48  49  50  51  52  53  54  55  56  57  58  59  60  61  1   1   1   1   1   77  78  79  80  81  82  83  84  85  86  87  88  89  90  91  1   1   1   1   1   1                  
                                                                                                                                                                                                                     1   1   1   1   1   33  32  -3  -1  -1  -1  -1  -1  -1  -1  -1  -3  41  42  43  44  45  46  47  48  49  50  51  52  53  54  55  56  57  58  59  60  1   1   1   1   1   78  79  80  81  82  83  84  85  86  87  88  89  90  91  92  1   1   1   1   1   1                  
                                                                                                                                                                                                                     1   1   1   1   1   32  31  -1  31  32  33  1   1   1   1   1   -1  42  43  44  45  1   1   1   1   1   1   1   1   1   1   1   57  58  59  60  61  1   1   1   1   1   1   1   1   1   1   1   1   1   1   1   1   1   1   1   1   1   1   1   1   1   1                  
                                                                                                                                                                                                                     1   1   1   1   1   31  30  -1  30  31  32  1   1   1   1   1   -1  43  44  45  46  1   1   1   1   1   1   1   1   1   1   1   58  59  60  61  62  1   1   1   1   1   1   1   1   1   1   1   1   1   1   1   1   1   1   1   1   1   1   1   1   1   1                  
                                                                                                                                                                                                                     1   1   1   1   1   30  29  -1  29  30  31  1   1   1   1   1   -1  44  45  46  47  1   1   1   1   1   1   1   1   1   1   1   59  60  61  62  63  1   1   1   1   1   1   1   1   1   1   1   1   1   1   1   1   1   1   1   1   1   1   1   1   1   1                  
                                                                                                                                                                                                                     1   1   1   1   1   29  28  -1  28  29  30  1   1   1   1   1   -1  45  46  47  48  1   1   1   1   1   1   1   1   1   1   1   60  61  62  63  64  1   1   1   1   1   1   1   1   1   1   1   1   1   1   1   1   1   1   1   1   1   1   1   1   1   1                  
                                                                                                                                                                                                                     1   1   1   1   1   28  27  -1  27  28  29  1   1   1   1   1   -1  46  47  48  49  1   1   1   1   1   1   1   1   1   1   1   61  62  63  64  65  1   1   1   1   1   1   1   1   1   1   1   1   1   1   1   1   1   1   1   1   1   1   1   1   1   1                  
                                                                                                                                                                                                                     1   1   1   1   1   27  26  -1  26  27  28  1   1   1   1   1   -1  47  48  49  50  1   1   1   1   1   1   1   1   1   1   1   62  63  64  65  66  67  68  69  70  71  1   1   1   1   1                                           1   1   1   1   1                      
                                                                                                                                                                                                                     1   1   1   1   1   26  25  -1  25  26  27  1   1   1   1   1   -1  48  49  50  51  1   1   1   1   1   1   1   1   1   1   1   63  64  65  66  67  68  69  70  71  72  1   1   1   1   1                                           1   1   1   1   1                      
                                                                                                                                                                                                                     1   1   1   1   1   25  24  -1  24  25  26  1   1   1   1   1   -1  49  50  51  52  1   1   1   1   1   1   1   1   1   1   1   64  65  66  67  68  69  70  71  72  73  1   1   1   1   1                           113              1   1   1   1   1                      
                                                                                                                                                                                                                     1   1   1   1   1   24  23  -1  23  24  25  1   1   1   1   1   -1  50  51  52  53  1   1   1   1   1   1   1   1   1   1   1   65  66  67  68  69  70  71  72  73  74  1   1   1   1   1                       113  112  113          1   1   1   1   1                      
                                                                                                                                                                                                                     1   1   1   1   1   23  22  -1  22  23  24  1   1   1   1   1   -1  51  52  53  54  1   1   1   1   1   1   1   1   1   1   1   66  67  68  69  70  71  72  73  74  75  1   1   1   1   1                   113  112  -3  -1  -1  -2  1   1   1   1   1                      
                                                                                                                                                                                                                     1   1   1   1   1   22  21  -1  21  22  23  1   1   1   1   1   -1  52  53  54  55  1   1   1   1   1   1   1   1   1   1   1   67  68  69  70  71  72  73  74  75  76  1   1   1   1   1               113  112  111  -1  111  112  113  1   1   1   1   1                      
                                                                                                                                                                                                                     1   1   1   1   1   21  20  -1  20  21  22  1   1   1   1   1   -1  53  54  55  56  57  58  59  60  61  62  63  64  65  66  67  68  69  70  71  72  73  74  75  76  77  1   1   1   1   1           113  112  111  110  -1  110  111  112  1   1   1   1   1                      
                                                                                                                                                                                                                     1   1   1   1   1   20  19  -1  19  20  21  1   1   1   1   1   -1  54  55  56  57  58  59  60  61  62  63  64  65  66  67  68  69  70  71  72  73  74  75  76  77  78  1   1   1   1   1       113  112  111  110  109  -1  109  110  111  1   1   1   1   1                      
                                                                                                                                                                                                                     1   1   1   1   1   19  18  -1  18  19  20  1   1   1   1   1   -1  55  56  57  58  59  60  61  62  63  64  65  66  67  68  69  70  71  72  73  74  75  76  77  78  79  1   1   1   1   1   113  112  111  110  109  108  -1  108  109  110  1   1   1   1   1                      
                                                                                                                                                                                                                     1   1   1   1   1   18  17  -1  17  18  19  1   1   1   1   1   -1  56  57  58  59  60  61  62  63  64  65  66  67  68  69  70  71  72  73  74  75  76  77  78  79  80  1   1   1   1   1   112  111  110  109  108  107  -1  107  108  109  1   1   1   1   1                      
                                                                                                                                                                                                                     1   1   1   1   1   17  16  -1  16  17  18  1   1   1   1   1   -3  -1  -1  -1  -1  -1  -1  -1  -1  -1  -1  -1  -1  -1  -1  -1  -3  73  74  75  76  77  78  79  80  81  1   1   1   1   1   1   1   1   1   1   1   -1  106  107  108  1   1   1   1   1                      
                                                                                                                                                                                                                     1   1   1   1   1   16  15  -1  15  16  17  1   1   1   1   1   1   1   1   1   1   1   1   1   1   1   1   1   1   1   1   1   -1  74  75  76  77  78  79  80  81  82  1   1   1   1   1   1   1   1   1   1   1   -1  105  106  107  1   1   1   1   1                      
                                                                                                                                                                                                                     1   1   1   1   1   15  14  -1  14  15  16  1   1   1   1   1   1   1   1   1   1   1   1   1   1   1   1   1   1   1   1   1   -1  75  76  77  78  79  80  81  82  83  1   1   1   1   1   1   1   1   1   1   1   -1  104  105  106  1   1   1   1   1                      
                                                                                                                                                                                                                     1   1   1   1   1   14  13  -1  13  14  15  1   1   1   1   1   1   1   1   1   1   1   1   1   1   1   1   1   1   1   1   1   -1  76  77  78  79  80  81  82  83  84  1   1   1   1   1   1   1   1   1   1   1   -1  103  104  105  1   1   1   1   1                      
                                                                                                                                                                                                                     1   1   1   1   1   13  12  -1  12  13  14  1   1   1   1   1   1   1   1   1   1   1   1   1   1   1   1   1   1   1   1   1   -1  77  78  79  80  81  82  83  84  85  1   1   1   1   1   1   1   1   1   1   1   -1  102  103  104  1   1   1   1   1                      
                                                                                                                                                                                                                     1   1   1   1   1   12  11  -1  11  12  13  1   1   1   1   1   1   1   1   1   1   1   1   1   1   1   1   1   1   1   1   1   -1  78  79  80  81  82  83  84  85  86  1   1   1   1   1   1   1   1   1   1   1   -1  101  102  103  1   1   1   1   1                      
                                                                                                                                                                                                                     1   1   1   1   1   11  10  -1  10  11  12  13  14  15  16  17  18  19  20  21  22  23  24  25  26  27  1   1   1   1   1   1   -3  -1  -1  -1  -1  -1  -1  -1  -1  -1  -1  -1  -1  -1  -1  -1  -1  -1  -1  -1  -1  -3  100  101  102  1   1   1   1   1                      
                                                                                                                                                                                                                     1   1   1   1   1   10  9   -1  9   10  11  12  13  14  15  16  17  18  19  20  21  22  23  24  25  26  1   1   1   1   1   1   79  80  81  82  83  84  85  86  87  88  89  90  91  92  93  94  95  96  97  98  99  100  101  102  103  1   1   1   1   1                      
                                                                                                                                                                                                                     1   1   1   1   1   9   8   -1  8   9   10  11  12  13  14  15  16  17  18  19  20  21  22  23  24  25  1   1   1   1   1   1   80  81  82  83  84  85  86  87  88  89  90  91  92  93  94  95  96  97  98  99  100  101  102  103  104  1   1   1   1   1                      
                                                                                                                                                                                                                     1   1   1   1   1   8   7   -1  7   8   9   10  11  12  13  14  15  16  17  18  19  20  21  22  23  24  1   1   1   1   1   1   81  82  83  84  85  86  87  88  89  90  91  92  93  94  95  96  97  98  99  100  101  102  103  104  105  1   1   1   1   1                      
                                                                                                                                                                                                                     1   1   1   1   1   7   6   -1  6   7   8   9   10  11  12  13  14  15  16  17  18  19  20  21  22  23  1   1   1   1   1   1   82  83  84  85  86  87  88  89  90  91  92  93  94  95  96  97  98  99  100  101  102  103  104  105  106  1   1   1   1   1                      
                                                                                                                                                                                                                     1   1   1   1   1   6   5   -1  5   6   7   8   9   10  11  12  13  14  15  16  17  18  19  20  21  22  1   1   1   1   1   1   83  84  85  86  87  88  89  90  91  92  93  94  95  96  97  98  99  100  101  102  103  104  105  106  107  1   1   1   1   1                      
                                                                                                                                                                                                                     1   1   1   1   1   5   4   -1  4   5   6   7   8   9   10  11  12  13  14  15  16  17  18  19  20  21  1   1   1   1   1   1   84  85  86  87  88  89  90  91  92  93  94  95  96  97  98  99  100  101  102  103  104  105  106  107  108  1   1   1   1   1                      
                                                                                                                                                                                                                     1   1   1   1   1   4   3   2   3   4   5   6   7   8   9   10  11  12  13  14  15  16  17  18  19  20  1   1   1   1   1   1   85  86  87  88  89  90  91  92  93  94  95  96  97  98  99  100  101  102  103  104  105  106  107  108  109  1   1   1   1   1                      
                                                                                                                                                                                                                     1   1   1   1   1   5   4   3   4   5   6   7   8   9   10  11  12  13  14  15  16  17  18  19  20  21  1   1   1   1   1   1   86  87  88  89  90  91  92  93  94  95  96  97  98  99  100  101  102  103  104  105  106  107  108  109  110  1   1   1   1   1                      
                                                                                                                                                                                                                     1   1   1   1   1   6   5   4   5   6   7   8   9   10  11  12  13  14  15  16  17  18  19  20  21  22  1   1   1   1   1   1   87  88  89  90  91  92  93  94  95  96  97  98  99  100  101  102  103  104  105  106  107  108  109  110  111  1   1   1   1   1                      
                                                                                                                                                                                                                     1   1   1   1   1   1   1   1   1   1   1   1   1   1   1   1   1   1   1   1   1   1   1   1   1   1   1   1   1   1   1   1   1   1   1   1   1   1   1   1   1   1   1   1   1   1   1   1   1   1   1   1   1   1   1   1   1   1   1   1   1   1                      
                                                                                                                                                                                                                     1   1   1   1   1   1   1   1   1   1   1   1   1   1   1   1   1   1   1   1   1   1   1   1   1   1   1   1   1   1   1   1   1   1   1   1   1   1   1   1   1   1   1   1   1   1   1   1   1   1   1   1   1   1   1   1   1   1   1   1   1   1                      
                                                                                                                                                                                                                     1   1   1   1   1   1   1   1   1   1   1   1   1   1   1   1   1   1   1   1   1   1   1   1   1   1   1   1   1   1   1   1   1   1   1   1   1   1   1   1   1   1   1   1   1   1   1   1   1   1   1   1   1   1   1   1   1   1   1   1   1   1                      
                                                                                                                                                                                                                     1   1   1   1   1   1   1   1   1   1   1   1   1   1   1   1   1   1   1   1   1   1   1   1   1   1   1   1   1   1   1   1   1   1   1   1   1   1   1   1   1   1   1   1   1   1   1   1   1   1   1   1   1   1   1   1   1   1   1   1   1   1                      
                                                                                                                                                                                                                     1   1   1   1   1   1   1   1   1   1   1   1   1   1   1   1   1   1   1   1   1   1   1   1   1   1   1   1   1   1   1   1   1   1   1   1   1   1   1   1   1   1   1   1   1   1   1   1   1   1   1   1   1   1   1   1   1   1   1   1   1   1                      
                                                                                                                                                                                                                                                                                                                                                                                                                                                                                                
                                                                                                                                                                                                                                                                                                                                                                                                                                                                                                
                                                                                                                                                                                                                                                                                                                                                                                                                                                                                                
                                                                                                                                                                                                                                                                                                                                                                                                                                                                                                
                                                                                                                                                                                                                                                                                                                                                                                                                                                                                                
                                                                                                                                                                                                                                                                                                                                                                                                                                                                                                
                                                                                                                                                                                                                                                                                                                                                                                                                                                                                                
                                                                                                                                                                                                                                                                                                                                                                                                                                                                                                
                                                                                                                                                                                                                                                                                                                                                                                                                                                                                                
                                                                                                                                                                                                                                                                                                                                                                                                                                                                                                
                                                                                                                                                                                                                                                                                                                                                                                                                                                                                                
                                                                                                                                                                                                                                                                                                                                                                                                                                                                                                
                                                                                                                                                                                                                                                                                                                                                                                                                                                                                                
                                                                                                                                                                                                                                                                                                                                                                                                                                                                                                
 2                                                                                                                                                                                                                                                                                                                                                                                                                                                                                              
                                                                                                                                                                                                                                                                                                                                                                                                                                                                                                
                                                                                                                                                                                                                                                                                                                                                                                                                                                                                                
                                                                                                                                                                                                                                                                                                                                                                                                                                                                                                
                                                                                                                                                                                                                                                                                                                                                                                                                                                                                                
                                                                                                                                                                                                                                                                                                                                                                                                                                                                                                
                                                                                                                                                                                                                                                                                                                                                                                                                                                                                                
                                                                                                                                                                                                                                                                                                                                                                                                                                                                                                
                                                                                                                                                                                                                                                                                                                                                                                                                                                                                                
                                                                                                                                                                                                                                                                                                                                                                                                                                                                                                
                                                                                                                                                                                                                                                                                                                                                                                                                                                                                                
                                                                                                                                                                                                                                                                                                                                                                                                                                                                                                
                                                                                                                                                                                                                                                                                                                                                                                                                                                                                                
                                                                                                                                                                                                                                                                                                                                                                                                                                                                                                
                                                                                                                                                                                                                                                                                                                                                                                                                                                                                                
                                                                                                                                                                                                                                                                                                                                                                                                                                                                                                
                                                                                                                                                                                                                                                                                                                                                                                                                                                                                                
                                                                                                                                                                                                                                                                                                                                                                                                                                                                                                
                                                                                                                                                                                                                                                                                                                                                                                                                                                                                                
                                                                                                                                                                                                                                                                                                                                                                                                                                                                                                
                                                                                                                                                                                                                                                                                                                                                                                                                                                                                                
                                                                                                                                                                                                                                                                                                                                                                                                                                                                                                
                                                                                                                                                                                                                                                                                                                                                                                                                                                                                                
                                                                                                                                                                                                                                                                                                                                                                                                                                                                                                
                                                                                                                                                                                                                                                                                                                                                                                                                                                                                                
                                                                                                                                                                                                                                                                                                                                                                                                                                                                                                
                                                                                                                                                                                                                                                                                                                                                                                                                                                                                                
                                                                                                                                                                                                                                                                                                                                                                                                                                                                                                
                                                                                                                                                                                                                                                                                                                                                                                                                                                                                                
                                                                                                                                                                                                                                                                                                                                                                                                                                                                                                
                                                                                                                                                                                                                                                                                                                                                                                                                                                                                                
                                                                                                                                                                                                                                                                                                                                                                                                                                                                                                
                                                                                                                                                                                                                                                                                                                                                                                                                                                                                                
                                                                                                                                                                                                                                                                                                                                                                                                                                                                                                
                                                                                                                                                                                                                                                                                                                                                                                                                                                                                                
                                                                                                                                                                                                                                                                                                                                                                                                                                                                                                
                                                                                                                                                                                                                                                                                                                                                                                                                                                                                                
                                                                                                                                                                                                                                                                                                                                                                                                                                                                                                
