                                                                                                                                                                                                                                                                                             46  45  44  43  44  45  46  47                                                                                                                                                                  -145229304 
                                                                                                                                                                                                                                                                                         46  45  44  43  42  43  44  45  46  47                                                                                                                                                                 
                                                                                                                                                                                                                                                                                     46  45  44  43  42  41  42  43  44  45  46  47                                                                                                                                                             
                                                                                                                                                                                                                                                                                 46  45  44  43  42  41  40  41  42  43  44  45  46  47                                                                                                                                                         
                                                                                                                                                                                                                                                                             46  45  44  43  42  41  40  39  40  41  42  43  44  45  46  47                                                                                                                                                     
                                                                                                                                                                                                                                                                         46  45  44  43  42  41  40  39  38  39  40  41  42  43  44  45  46  47                                                                                                                                                 
                                                                                                                                                                                                                                                                     46  45  44  43  42  41  40  39  38  37  38  39  40  41  42  43  44  45  46  47                                                                                                                                             
                                                                                                                                                                                                                                                                 46  45  44  43  42  41  40  39  38  37  36  37  38  39  40  41  42  43  44  45  46  47                                                                                                                                         
                                                                                                                                                                                                                                                             46  45  44  43  42  41  40  39  38  37  36  35  36  37  38  39  40  41  42  43  44  45  46  47                                                                                                                                     
                                                                                                                                                                                                                                                         46  45  44  43  42  41  40  39  38  37  36  35  34  35  36  37  38  39  40  41  42  43  44  45  46  47                                                                                                                                 
                                                                                                                                                                                                                                                 47  46  45  44  43  42  41  40  39  38  37  36  35  34  33  34  35  36  37  38  39  40  41  42  43  44  45  46  47                                                                                                                             
                                                                                                                                                                                                                                             47  46  45  44  43  42  41  40  39  38  37  36  35  34  33  32  33  34  35  36  37  38  39  40  41  42  43  44  45  46  47                                                                                                                         
                                                                                                                                                                                                                                         47  46  45  44  43  42  41  40  39  38  37  36  35  34  33  32  31  32  33  34  35  36  37  38  39  40  41  42  43  44  45  46  47                                                                                                                     
                                                                                                                                                                                                                                     47  46  45  44  43  42  41  40  39  38  37  36  35  34  33  32  31  30  31  32  33  34  35  36  37  38  39  40  41  42  43  44  45  46  47                                                                                                                 
                                                                                                                                                                                                                                 47  46  45  44  43  42  41  40  39  38  37  36  35  34  33  32  31  30  29  30  31  32  33  34  35  36  37  38  39  40  41  42  43  44  45  46  47                                                                                                             
                                                                                                                                                                                                                             47  46  45  44  43  42  41  40  39  38  37  36  35  34  33  32  31  30  29  28  29  30  31  32  33  34  35  36  37  38  39  40  41  42  43  44  45  46  47                                                                                                         
                                                                                                                                                                                                                         47  46  45  44  43  42  41  40  39  38  37  36  35  34  33  32  31  30  29  28  27  28  29  30  31  32  33  34  35  36  37  38  39  40  41  42  43  44  45  46  47                                                                                                     
                                                                                                                                                                                                                     47  46  45  44  43  42  41  40  39  38  37  36  35  34  33  32  31  30  29  28  27  26  27  28  29  30  31  32  33  34  35  36  37  38  39  40  41  42  43  44  45  46  47                                                                                                 
                                                                                                                                                                                                                 47  46  45  44  43  42  41  40  39  38  37  36  35  34  33  32  31  30  29  28  27  26  25  26  27  28  29  30  31  32  33  34  35  36  37  38  39  40  41  42  43  44  45  46  47                                                                                             
                                                                                                                                                                                                             47  46  45  44  43  42  41  40  39  38  37  36  35  34  33  32  31  30  29  28  27  26  25  24  25  26  27  28  29  30  31  32  33  34  35  36  37  38  39  40  41  42  43  44  45  46  47                                                                                         
                                                                                                                                                                                                         47  46  45  44  43  42  41  40  39  38  37  36  35  34  33  32  31  30  29  28  27  26  25  24  23  24  25  26  27  28  29  30  31  32  33  34  35  36  37  38  39  40  41  42  43  44  45  46  47                                                                                     
                                                                                                                                                                                                     47  46  45  44  43  42  41  40  39  38  37  36  35  34  33  32  31  30  29  28  27  26  25  24  23  22  23  24  25  26  27  28  29  30  31  32  33  34  35  36  37  38  39  40  41  42  43  44  45  46  47                                                                                 
                                                                                                                                                                                                 47  46  45  44  43  42  41  40  39  38  37  36  35  34  33  32  31  30  29  28  27  26  25  24  23  22  21  22  23  24  25  26  27  28  29  30  31  32  33  34  35  36  37  38  39  40  41  42  43  44  45  46  47                                                                             
                                                                                                                                                                                             47  46  45  44  43  42  41  40  39  38  37  36  35  34  33  32  31  30  29  28  27  26  25  24  23  22  21  20  21  22  23  24  25  26  27  28  29  30  31  32  33  34  35  36  37  38  39  40  41  42  43  44  45  46  47                                                                         
                                                                                                                                                                                         47  46  45  44  43  42  41  40  39  38  37  36  35  34  33  32  31  30  29  28  27  26  25  24  23  22  21  20  19  20  21  22  23  24  25  26  27  28  29  30  31  32  33  34  35  36  37  38  39  40  41  42  43  44  45  46  47                                                                     
                                                                                                                                                                                     47  46  45  44  43  42  41  40  39  38  37  36  35  34  33  32  31  30  29  28  27  26  25  24  23  22  21  20  19  18  19  20  21  22  23  24  25  26  27  28  29  30  31  32  33  34  35  36  37  38  39  40  41  42  43  44  45  46  47                                                                 
                                                                                                                                                                                         47  46  45  44  43  42  41  1   1   1   1   1   33  32  31  30  29  28  27  26  25  24  23  22  21  20  19  18  17  18  19  20  21  22  23  24  25  26  27  28  29  30  31  32  33  34  35  36  37  38  39  40  41  42  43  44  45  46  47                                                             
                                                                                                                                                                                             47  46  45  44  43  42  1   1   1   1   1   32  31  30  29  28  27  26  25  24  23  22  21  20  19  18  17  16  17  18  19  20  21  22  23  24  25  26  27  28  29  30  31  32  33  34  35  36  37  38  39  40  41  42  43  44  45  46  47                                                         
                                                                                                                                                                                                 47  46  45  44  43  1   1   1   1   1   31  30  29  28  27  26  25  24  23  22  21  20  19  18  17  16  15  16  17  18  19  20  21  22  23  24  25  26  27  28  29  30  31  32  33  34  35  36  37  38  39  40  41  42  43  44  45  46  47                                                     
                                                                                                                                                                                                     47  46  45  44  1   1   1   1   1   30  29  28  27  26  25  24  23  22  21  20  19  18  17  16  15  14  15  16  17  18  19  20  21  22  23  24  25  26  27  28  29  30  31  32  33  34  35  36  37  38  39  40  41  42  43  44  45  46  47                                                 
                                                                                                                                                                                                         47  46  45  1   1   1   1   1   29  28  27  26  25  24  23  22  21  20  19  18  17  16  15  14  13  14  15  16  17  18  19  20  21  22  23  24  25  26  27  28  29  30  31  32  33  34  35  36  37  38  39  40  41  42  43  44  45  46  47                                             
                                                                                                                                                                                                             47  46  1   1   1   1   1   28  27  26  25  24  -3  -1  -1  -1  -1  -1  -1  -1  -1  -1  -1  -3  13  14  15  16  17  18  19  20  21  22  23  24  25  26  27  28  29  30  31  32  33  34  35  36  37  38  39  40  41  42  43  44  45  46  47                                         
                                                                                                                                                                                                                 47  1   1   1   1   1   29  28  27  26  25  -1  1   1   1   1   1   16  15  14  13  12  -1  12  13  14  15  16  17  18  19  20  21  22  23  24  25  26  27  28  29  30  31  32  33  34  35  36  37  38  39  40  41  42  43  44  45  46  47                                     
                                                                                                                                                                                                                     1   1   1   1   1   30  29  28  27  26  -1  1   1   1   1   1   15  14  13  12  11  -1  11  12  13  14  15  16  17  18  19  20  21  22  23  24  25  26  27  28  29  30  31  32  33  34  35  36  37  38  39  40  41  42  43  44  45  46  47                                 
                                                                                                                                                                                                                     1   1   1   1   1   31  30  29  28  27  -1  1   1   1   1   1   14  13  12  11  10  -1  10  11  12  13  14  15  16  17  18  19  20  21  22  23  24  25  26  27  28  29  30  31  32  33  34  35  36  37  38  39  40  41  42  43  44  45  46  47                             
                                                                                                                                                                                                                     1   1   1   1   1   32  31  30  29  28  -1  1   1   1   1   1   13  12  11  10  9   -1  9   10  11  12  13  14  15  16  17  18  19  20  21  22  23  24  25  26  27  28  29  30  31  32  33  34  35  36  37  38  39  40  41  42  43  44  45  46  47                         
                                                                                                                                                                                                                     1   1   1   1   1   33  32  31  30  29  -1  1   1   1   1   1   12  11  10  9   8   -1  8   9   10  11  12  13  14  15  16  17  18  19  20  21  22  23  24  25  26  27  28  29  30  31  32  33  34  35  36  37  38  39  40  41  42  43  44  45  46  47                     
                                                                                                                                                                                                                     1   1   1   1   1   34  33  32  31  30  -1  1   1   1   1   1   11  10  9   8   7   -1  7   8   9   10  11  12  13  14  15  16  17  18  19  20  21  22  23  24  25  26  27  28  29  30  31  32  33  34  35  36  37  38  39  40  41  42  43  44  45  46  47                 
                                                                                                                                                                                                                     1   1   1   1   1   35  34  33  32  31  -1  1   1   1   1   1   10  9   8   7   6   -1  6   7   8   9   10  11  12  13  14  15  16  17  18  19  20  21  22  23  24  25  26  27  28  29  30  31  32  33  34  35  36  37  38  39  40  41  42  43  44  45  46  47             
                                                                                                                                                                                                                     1   1   1   1   1   36  35  34  33  32  -1  1   1   1   1   1   9   8   7   6   5   -1  5   6   7   8   9   10  11  12  13  14  15  16  17  18  19  20  21  22  23  24  25  26  27  28  29  30  31  32  33  34  35  36  37  38  39  40  41  42  43  44  45  46  47         
                                                                                                                                                                                                                     1   1   1   1   1   37  36  35  34  33  -1  1   1   1   1   1   8   7   6   5   4   -1  4   5   6   7   8   9   10  11  12  13  14  15  16  17  18  19  20  21  22  23  24  25  26  27  28  29  30  31  32  33  34  35  36  37  38  39  40  41  42  43  44  45  46  47     
                                                                                                                                                                                                                     1   1   1   1   1   38  37  36  35  34  -1  1   1   1   1   1   7   6   5   4   3   2   3   4   5   6   7   8   9   10  11  12  13  14  15  16  17  18  19  20  21  22  23  24  25  26  27  28  29  30  31  32  33  34  35  36  37  38  39  40  41  42  43  44  45  46  47 
                                                                                                                                                                                                                     1   1   1   1   1   39  38  37  36  35  -1  1   1   1   1   1   8   7   6   5   4   3   4   5   6   7   8   9   10  11  12  13  14  15  16  17  18  19  20  21  22  23  24  25  26  27  28  29  30  31  32  33  34  35  36  37  38  39  40  41  42  43  44  45  46  47     
                                                                                                                                                                                                                     1   1   1   1   1   40  39  38  37  36  -1  1   1   1   1   1   9   8   7   6   5   4   5   6   7   8   9   10  11  12  13  14  15  16  17  18  19  20  21  22  23  24  25  26  27  28  29  30  31  32  33  34  35  36  37  38  39  40  41  42  43  44  45  46  47         
                                                                                                                                                                                                                     1   1   1   1   1   41  40  39  38  37  -1  1   1   1   1   1   10  9   8   7   6   5   6   7   8   9   10  11  12  13  14  15  16  17  18  19  20  21  22  23  24  25  26  27  28  29  30  31  32  33  34  35  36  37  38  39  40  41  42  43  44  45  46  47             
                                                                                                                                                                                                                     1   1   1   1   1   42  41  40  39  38  -1  1   1   1   1   1   11  10  9   8   7   6   7   8   9   10  11  12  13  14  15  16  17  18  19  20  21  22  23  24  25  26  27  28  29  30  31  32  33  34  35  36  37  38  39  40  41  42  43  44  45  46  47                 
                                                                                                                                                                                                                     1   1   1   1   1   43  42  41  40  39  -1  1   1   1   1   1   12  11  10  9   8   7   8   9   10  11  12  13  14  15  16  17  18  19  20  21  22  23  24  25  26  27  28  29  30  31  32  33  34  35  36  37  38  39  40  41  42  43  44  45  46  47                     
                                                                                                                                                                                                                     1   1   1   1   1   44  43  42  41  40  -1  1   1   1   1   1   13  12  11  10  9   8   9   10  11  12  13  14  15  16  17  18  19  20  21  22  23  24  25  26  27  28  29  30  31  32  33  34  35  36  37  38  39  40  41  42  43  44  45  46  47                         
                                                                                                                                                                                                                     1   1   1   1   1   45  44  43  42  41  -1  1   1   1   1   1   1   1   1   1   1   1   1   1   1   1   1   1   1   1   1   19  20  21  22  23  24  25  26  27  28  29  30  31  32  33  34  35  36  37  38  39  40  41  42  43  44  45  46  47                             
                                                                                                                                                                                                                     1   1   1   1   1   46  45  44  43  42  -1  1   1   1   1   1   1   1   1   1   1   1   1   1   1   1   1   1   1   1   1   20  21  22  23  24  25  26  27  28  29  30  31  32  33  34  35  36  37  38  39  40  41  42  43  44  45  46  47                                 
                                                                                                                                                                                                                     1   1   1   1   1   47  46  45  44  43  -1  1   1   1   1   1   1   1   1   1   1   1   1   1   1   1   1   1   1   1   1   21  22  23  24  25  26  27  28  29  30  31  32  33  34  35  36  37  38  39  40  41  42  43  44  45  46  47                                     
                                                                                                                                                                                                                     1   1   1   1   1       47  46  45  44  -1  1   1   1   1   1   1   1   1   1   1   1   1   1   1   1   1   1   1   1   1   22  23  24  25  26  27  28  29  30  31  32  33  34  35  36  37  38  39  40  41  42  43  44  45  46  47                                         
                                                                                                                                                                                                                     1   1   1   1   1           -2  -1  -1  -3  1   1   1   1   1   1   1   1   1   1   1   1   1   1   1   1   1   1   1   1   23  24  25  26  27  28  29  30  31  32  33  34  35  36  37  38  39  40  41  42  43  44  45  46  47                                             
                                                                                                                                                                                                                     1   1   1   1   1                   46  45  46                                                          1   1   1   1   1   24  25  26  27  28  29  30  31  32  33  34  35  36  37  38  39  40  41  42  43  44  45  46  47                                                 
                                                                                                                                                                                                                     1   1   1   1   1                       46                                                              1   1   1   1   1   25  26  27  28  29  30  31  32  33  34  35  36  37  38  39  40  41  42  43  44  45  46  47                                                     
                                                                                                                                                                                                                     1   1   1   1   1                                                                                       1   1   1   1   1   26  27  28  29  30  31  32  33  34  35  36  37  38  39  40  41  42  43  44  45  46  47                                                         
                                                                                                                                                                                                                     1   1   1   1   1                                                                                       1   1   1   1   1   27  28  29  30  31  32  33  34  35  36  37  38  39  40  41  42  43  44  45  46  47                                                             
                                                                                                                                                                                                                     1   1   1   1   1                                                                                       1   1   1   1   1   28  29  30  31  32  33  34  35  36  37  38  39  40  41  42  43  44  45  46  47                                                                 
                                                                                                                                                                                                                     1   1   1   1   1                                                                                       1   1   1   1   1   29  30  31  32  33  34  35  36  37  38  39  40  41  42  43  44  45  46  47                                                                     
                                                                                                                                                                                                                     1   1   1   1   1                                                                                       1   1   1   1   1   30  31  32  33  34  35  36  37  38  39  40  41  42  43  44  45  46  47                                                                         
                                                                                                                                                                                                                     1   1   1   1   1                                                                                       1   1   1   1   1   31  32  33  34  35  36  37  38  39  40  41  42  43  44  45  46  47                                                                             
                                                                                                                                                                                                                     1   1   1   1   1                                                                                       1   1   1   1   1   32  33  34  35  36  37  38  39  40  41  42  43  44  45  46  47                                                                                 
                                                                                                                                                                                                                     1   1   1   1   1                                                                                       1   1   1   1   1   33  34  35  36  37  38  39  40  41  42  43  44  45  46  47                                                                                     
                                                                                                                                                                                                                     1   1   1   1   1   1   1   1   1   1   1   1   1   1   1   1   1   1   1   1   1   1   1   1   1   1   1   1   1   1   1   34  35  36  37  38  39  40  41  42  43  44  45  46  47                                                                                         
                                                                                                                                                                                                                     1   1   1   1   1   1   1   1   1   1   1   1   1   1   1   1   1   1   1   1   1   1   1   1   1   1   1   1   1   1   1   35  36  37  38  39  40  41  42  43  44  45  46  47                                                                                             
                                                                                                                                                                                                                     1   1   1   1   1   1   1   1   1   1   1   1   1   1   1   1   1   1   1   1   1   1   1   1   1   1   1   1   1   1   1   36  37  38  39  40  41  42  43  44  45  46  47                                                                                                 
                                                                                                                                                                                                                     1   1   1   1   1   1   1   1   1   1   1   1   1   1   1   1   1   1   1   1   1   1   1   1   1   1   1   1   1   1   1   37  38  39  40  41  42  43  44  45  46  47                                                                                                     
                                                                                                                                                                                                                     1   1   1   1   1   1   1   1   1   1   1   1   1   1   1   1   1   1   1   1   1   1   1   1   1   1   1   1   1   1   1   38  39  40  41  42  43  44  45  46  47                                                                                                         
                                                                                                                                                                                                                                                                                                                 47  46  45  44  43  42  41  40  39  40  41  42  43  44  45  46  47                                                                                                             
                                                                                                                                                                                                                                                                                                                     47  46  45  44  43  42  41  40  41  42  43  44  45  46  47                                                                                                                 
                                                                                                                                                                                                                                                                                                                         47  46  45  44  43  42  41  42  43  44  45  46  47                                                                                                                     
                                                                                                                                                                                                                                                                                                                             47  46  45  44  43  42  43  44  45  46  47                                                                                                                         
                                                                                                                                                                                                                                                                                                                                 47  46  45  44  43  44  45  46  47                                                                                                                             
                                                                                                                                                                                                                                                                                                                                     47  46  45  44  45  46  47                                                                                                                                 
                                                                                                                                                                                                                                                                                                                                         47  46  45  46  47                                                                                                                                     
                                                                                                                                                                                                                                                                                                                                             47  46  47                                                                                                                                         
                                                                                                                                                                                                                                                                                                                                                 47                                                                                                                                             
                                                                                                                                                                                                                                                                                                                                                                                                                                                                                                
                                                                                                                                                                                                                                                                                                                                                                                                                                                                                                
                                                                                                                                                                                                                                                                                                                                                                                                                                                                                                
                                                                                                                                                                                                                                                                                                                                                                                                                                                                                                
                                                                                                                                                                                                                                                                                                                                                                                                                                                                                                
                                                                                                                                                                                                                                                                                                                                                                                                                                                                                                
                                                                                                                                                                                                                                                                                                                                                                                                                                                                                                
                                                                                                                                                                                                                                                                                                                                                                                                                                                                                                
                                                                                                                                                                                                                                                                                                                                                                                                                                                                                                
                                                                                                                                                                                                                                                                                                                                                                                                                                                                                                
                                                                                                                                                                                                                                                                                                                                                                                                                                                                                                
                                                                                                                                                                                                                                                                                                                                                                                                                                                                                                
                                                                                                                                                                                                                                                                                                                                                                                                                                                                                                
                                                                                                                                                                                                                                                                                                                                                                                                                                                                                                
                                                                                                                                                                                                                                                                                                                                                                                                                                                                                                
                                                                                                                                                                                                                                                                                                                                                                                                                                                                                                
                                                                                                                                                                                                                                                                                                                                                                                                                                                                                                
                                                                                                                                                                                                                                                                                                                                                                                                                                                                                                
                                                                                                                                                                                                                                                                                                                                                                                                                                                                                                
                                                                                                                                                                                                                                                                                                                                                                                                                                                                                                
                                                                                                                                                                                                                                                                                                                                                                                                                                                                                                
                                                                                                                                                                                                                                                                                                                                                                                                                                                                                                
                                                                                                                                                                                                                                                                                                                                                                                                                                                                                                
                                                                                                                                                                                                                                                                                                                                                                                                                                                                                                
                                                                                                                                                                                                                                                                                                                                                                                                                                                                                                
                                                                                                                                                                                                                                                                                                                                                                                                                                                                                                
                                                                                                                                                                                                                                                                                                                                                                                                                                                                                                
                                                                                                                                                                                                                                                                                                                                                                                                                                                                                                
                                                                                                                                                                                                                                                                                                                                                                                                                                                                                                
                                                                                                                                                                                                                                                                                                                                                                                                                                                                                                
                                                                                                                                                                                                                                                                                                                                                                                                                                                                                                
                                                                                                                                                                                                                                                                                                                                                                                                                                                                                                
                                                                                                                                                                                                                                                                                                                                                                                                                                                                                                
                                                                                                                                                                                                                                                                                                                                                                                                                                                                                                
                                                                                                                                                                                                                                                                                                                                                                                                                                                                                                
                                                                                                                                                                                                                                                                                                                                                                                                                                                                                                
                                                                                                                                                                                                                                                                                                                                                                                                                                                                                                
                                                                                                                                                                                                                                                                                                                                                                                                                                                                                                
                                                                                                                                                                                                                                                                                                                                                                                                                                                                                                
                                                                                                                                                                                                                                                                                                                                                                                                                                                                                                
                                                                                                                                                                                                                                                                                                                                                                                                                                                                                                
                                                                                                                                                                                                                                                                                                                                                                                                                                                                                                
                                                                                                                                                                                                                                                                                                                                                                                                                                                                                                
